chr1	15272635	15272787	-0.041440964	2.0
chr1	15272635	15272787	-0.041440964	2.0
chr1	15272635	15272787	-0.041440964	2.0
chr11	45655171	45655579	-0.02158451	-1.104
chr11	45655171	45655579	-0.02158451	-1.104
chr14	22556999	22557483	-0.017165184	1.936
chr14	74257552	74257710	0.020348549	-1.536
chr15	85858924	85859012	-0.021398544	1.115
chr16	66751523	66752023	-0.0424757	-1.087
chr17	75589181	75589467	-0.096297264	2.392
chr19	47766000	47766116	0.018442154	-1.184
chr2	88160033	88160129	0.020249367	-3.0
chr20	63496246	63496342	-0.0068740845	-1.131
chr3	115819866	115820018	0.061668396	-1.206
chr5	17189550	17189670	-0.06362629	-1.067
chr7	50633046	50633174	-0.020712852	-4.907
chr9	20941237	20941311	-0.050225258	-2.585
chrX	12771562	12771702	0.016189575	-2.255
