chr1	99481537	99481615	0.008302689	-1.678
chr10	50660262	50660378	0.009696007	-5.392
chr11	10208186	10208356	-0.019379616	-1.678
chr13	77565777	77565937	0.029058456	1.322
chr15	76190912	76191048	0.015738487	1.222
chr18	52904030	52904076	0.08224869	-1.193
chr2	112048793	112049669	0.0	-4.17
chr21	37220854	37221646	0.0027542114	-2.737
chr4	102431297	102431729	-0.026342392	-1.29
chr8	206861	207021	0.005309105	-1.138
chr8	133496556	133496620	0.07264519	-1.126
chr9	138126051	138126460	0.021349907	5.322
